%YAML:1.0
---
camera_name: Victor HD
full_sensor_width: 1920
full_sensor_height: 1080
K: !!opencv-matrix
   rows: 3
   cols: 3
   dt: d
   data: [ 1.4248900000000001e+03, 0., 960., 0., 1.4248900000000001e+03,
       540., 0., 0., 1. ]
distortion_model: 1
distortion_coeff: !!opencv-matrix
   rows: 1
   cols: 3
   dt: d
   data: [ -9.1179999999999997e-02, 1.1311000000000000e-01,
       -4.0400000000000002e-03 ]
vehicle_to_camera_transform: !!opencv-matrix
   rows: 1
   cols: 6
   dt: d
   data: [ 0., 0., 0., 0., 0., -1.5707963267948966e+00 ]
